solutions_final.append([16.259229613271877, 75.8139995174301, 52.252931941510035, 5.229003368477356, 93.85099900850247, 37.48770787689316])
solutions_final.append([17.1205810337975, 7.153166057586916, 94.1919305672698, 74.88020890696627, 13.986525038120103, 48.41318867325023])
solutions_final.append([95.57572931153565, 56.99688353476518, 44.9159042142643, 95.28909241524897, 8.85364106212307, 26.43839383351346])
solutions_final.append([89.32005798146935, 56.717749291928726, 8.736454828354034, 81.90999294585956, 53.29399750951445, 30.003904928556132])
solutions_final.append([98.33829803832265, 19.963156929023263, 36.733248310901345, 79.7552834713573, 55.49559030294029, 98.78617880430654])
solutions_final.append([2.7660552251454606, 85.44364026868547, 80.41744204794554, 65.00227898962838, 84.84644262483378, 11.040895954486114])
solutions_final.append([5.225944123997931, 92.56170655850276, 33.59411257867285, 27.452990927277938, 98.8515262722733, 75.34739314987279])
solutions_final.append([81.61758578822945, 12.094065087610804, 23.712964102527437, 89.48944096731343, 54.31744250587308, 42.32780590901154])
solutions_final.append([42.82400286749383, 72.7273181415982, 30.518223697964387, 93.36322816629048, 36.45267226594016, 31.482790767533153])
solutions_final.append([89.98941635081161, 16.238366593893502, 20.863686576637406, 34.168847192507464, 88.120097713375, 25.493433040070453])
solutions_final.append([64.39507856953408, 9.206258208786325, 96.14753213334137, 76.47615805695354, 14.513636623915364, 28.774393555576488])
solutions_final.append([42.88986487339519, 60.91564565043016, 93.24291527409596, 88.37601233962751, 79.84259655826595, 43.80637389874845])
solutions_final.append([67.47916941727787, 19.98120365614026, 91.84912211454017, 36.31131557898989, 61.57821612250455, 90.61788431497152])
solutions_final.append([32.737154960810244, 56.599868737751756, 38.56394084940665, 21.27758133985961, 34.65416195919638, 3.9505140458227808])
solutions_final.append([86.98536715432559, 32.93572811469818, 54.72012577438091, 44.95164110909415, 61.46866212384835, 19.8179212028248])
solutions_final.append([7.866570216425087, 51.50316590223193, 48.69447530683151, 64.92365950965588, 93.73870734821574, 19.832024415155185])
solutions_final.append([34.50532920923035, 12.132215701346855, 78.86908624043339, 11.878663924091688, 90.44898848765052, 81.82917575975802])
solutions_final.append([77.91080080782615, 4.410198251010758, 63.010538756558475, 90.24668950648217, 39.44346773673087, 65.79474727607263])
solutions_final.append([6.117138863815114, 61.734198699623114, 77.36336742627608, 26.010801300465957, 38.286770524293644, 60.28946928554735])
solutions_final.append([44.482732424880076, 76.86715948739975, 16.619491414498142, 41.1373436011665, 51.030294843751655, 69.1575551940874])
solutions_final.append([23.742299208765257, 42.45752811033897, 55.16964395531443, 24.495654084128287, 84.98786300115523, 35.056959487242224])
solutions_final.append([44.28933048205872, 55.270268075878036, 75.42672925269991, 53.14997658254277, 0.6513738257783445, 93.81133471059607])
solutions_final.append([76.88993832026316, 49.61293469484406, 83.7631394014684, 71.84323466148538, 29.013850022750226, 90.91155762656228])
solutions_final.append([98.76199234362917, 65.36876491964745, 25.887301045927252, 14.493499523711318, 17.059604613996864, 80.06670372736659])
solutions_final.append([59.27568717097595, 91.86811225011743, 8.043254269572675, 3.249862786916033, 63.46443114128077, 47.19672644127205])
solutions_final.append([96.7307131138461, 41.26887471073155, 69.23891594092512, 96.87520089370722, 61.602593769907074, 5.730507222012491])
solutions_final.append([86.20349924579185, 15.61321696415796, 51.15136577401875, 57.25628404213395, 84.53568526370294, 44.609737103950955])
solutions_final.append([26.606001886305222, 1.5965471114582548, 38.34750304877718, 62.891955672373385, 21.692598126783984, 5.125572900156351])
solutions_final.append([53.64066471876629, 11.102830834232174, 20.963653277159647, 59.62802120824439, 45.58025588788158, 76.2305868105226])
solutions_final.append([81.71810119799959, 28.889933297713533, 43.87829111566579, 25.69363234598471, 12.515128601161088, 95.50457584457986])
solutions_final.append([39.15073288360253, 21.602045550746517, 77.85240816821889, 85.16609018369545, 70.09903338349918, 22.919262448951415])
solutions_final.append([18.06216864301, 99.69790955185401, 67.06608202925456, 8.740223531686963, 61.78233176307836, 68.18056769335249])
solutions_final.append([9.73801793028796, 46.604946198007134, 75.18013130098842, 84.5308034086548, 18.80611218535214, 12.121471846967705])
solutions_final.append([3.409583434921429, 80.74984548722423, 41.94796068918309, 50.85429030476489, 37.448141522805024, 32.41212427545459])
solutions_final.append([72.8678543698571, 85.6976404652263, 43.1655495988665, 54.93750198532162, 68.40876719093443, 94.29075576631072])
solutions_final.append([81.7926076553444, 92.57669823948865, 3.072279573594224, 70.42364556472191, 59.66205663209851, 37.741001833448436])
solutions_final.append([17.010080088684145, 41.72465087761894, 84.34163288778467, 89.50203504410291, 26.804361403045988, 72.30995714138241])
solutions_final.append([47.867826330385284, 73.45867530745127, 95.67328598209485, 63.86716251612045, 5.181085411419465, 36.95161655146942])
solutions_final.append([49.815814077324646, 86.07379918320335, 63.034072888558676, 82.02897485402036, 44.654171962644, 90.86252520037877])
solutions_final.append([13.95371446643459, 44.636274096084705, 99.57776612913334, 16.72550533997996, 55.09340070310898, 46.94194039557194])
solutions_final.append([27.648048758529413, 53.65776749684442, 91.77458584060082, 32.37764613203268, 5.471670891347075, 82.66132222657065])
solutions_final.append([75.09916631348584, 97.59641273994336, 20.082063889458603, 64.79157834393773, 25.594198584769487, 79.31834879512783])
solutions_final.append([35.68494150621845, 4.796525668883934, 96.44936861760272, 75.45639433922008, 56.43300690037538, 2.134613799965135])
solutions_final.append([85.50600868250811, 71.37869901623057, 58.91123279540819, 86.56784495468487, 2.8231083194225506, 82.50546238135506])
solutions_final.append([35.78897179096355, 86.76122115363182, 7.059638728682142, 5.123576809282604, 95.8528504586193, 27.643457789062722])
solutions_final.append([29.63904529826945, 40.71780075295682, 0.7138334932397506, 29.581261050861837, 57.326317398510184, 77.70611121007572])
solutions_final.append([32.08368793168674, 69.44722745360701, 45.39091631923738, 73.23817995980545, 37.71234365053203, 26.131797940168894])
solutions_final.append([3.905734263372952, 31.731816336502376, 76.14960175446045, 86.71212818839084, 67.67694337556831, 51.93306150308441])
solutions_final.append([62.82294521287896, 92.67558072719004, 25.839557451078374, 30.929378312505694, 40.789542540502126, 70.96036979670635])
solutions_final.append([57.81447609879272, 48.02091832162395, 83.27102299124441, 98.84033743821716, 62.194828250074984, 22.693483783812383])
solutions_final.append([28.27611340053579, 34.27237988624783, 78.0607480213033, 17.164266517935623, 14.575863673194846, 62.74067339599562])
solutions_final.append([32.99810635959494, 7.3589522333255335, 55.934272642932136, 99.5210245890141, 27.451170146669153, 35.990495793650595])
solutions_final.append([61.95862313479249, 4.439450300076515, 75.18671042871667, 76.80465941620665, 93.25827055883431, 3.741140396306637])
solutions_final.append([17.334938301502433, 92.28538705518795, 44.20139068153267, 48.50307811249433, 19.32310828131237, 77.8504133005368])
solutions_final.append([21.521685853470075, 90.26326358043069, 54.44313835688983, 51.172389740796085, 17.28658180678572, 95.328367620401])
solutions_final.append([76.99236914759611, 50.319987651021904, 45.9443146516849, 44.398419546030425, 85.83373595121691, 15.546438111363504])
solutions_final.append([0.2640158608532783, 69.60556452822895, 88.4067094298175, 1.1859491269740412, 49.74744656905976, 51.67701722436739])
solutions_final.append([26.326863713822018, 80.92051532027662, 14.896639246059404, 52.57156453546223, 34.99099176373697, 84.80018195800109])
solutions_final.append([49.664371403482775, 17.298512252132667, 89.67857382642406, 64.68021201240664, 36.02892318705817, 14.603731994729548])
solutions_final.append([87.70775393832825, 22.960048595942602, 5.387074004263458, 4.610222332189998, 73.79582923218264, 63.367082399475514])
solutions_final.append([18.725934108742955, 95.94556487586871, 10.68057767035533, 91.2898913077246, 82.52367384803401, 14.85277333939376])
solutions_final.append([56.71116815026386, 29.218570379132117, 41.071636260056806, 58.70430142356592, 84.85949748218806, 66.96388827850058])
solutions_final.append([37.311193294689836, 50.074137552390305, 10.579784058018783, 35.7680153826811, 30.88597899767658, 99.36896826994932])
solutions_final.append([7.039811579958632, 26.020485290258634, 64.93467082485984, 38.756671485962116, 17.93359501028322, 15.480261193687811])
solutions_final.append([38.6068703730467, 5.48788759274983, 65.10505575908762, 58.40842734319622, 30.661028790367453, 40.53828328779183])
solutions_final.append([90.00944263349402, 35.12003142006323, 60.55987424018154, 48.28142733473077, 23.019740887989762, 66.33014550030582])
solutions_final.append([79.36250158668268, 25.18476596025895, 0.2047991684830522, 1.0186294899486374, 65.690418062564, 92.18281538246238])
solutions_final.append([81.9715510967047, 14.987011510983212, 95.13088791225744, 35.13864838175357, 1.7373869923874472, 96.28115756888127])
solutions_final.append([56.2458507124935, 82.96898520364225, 13.05541045905963, 1.8275059258146928, 86.41237584647092, 53.04844799223372])
solutions_final.append([35.73842323676948, 22.50037134558219, 15.024250753585815, 63.58447893680905, 77.50602574999368, 18.85431415706351])
solutions_final.append([95.5399176375398, 69.60961329857756, 23.17160952815926, 34.19740288340923, 78.2972763294909, 33.206330896600875])
solutions_final.append([55.75275152085793, 24.73882726550227, 3.494782892046201, 89.66657864118092, 24.713838528424265, 50.493237551770314])
solutions_final.append([23.397401770829912, 61.63660086255939, 73.01144603846784, 44.633504839199844, 82.01301647905932, 87.8802112975742])
solutions_final.append([63.7743726256616, 94.48364945212597, 42.238462914167826, 71.88230039734422, 39.34438501404685, 62.82693647500277])
solutions_final.append([65.19492972002564, 48.668098354895434, 92.80790600548056, 17.377593201843894, 41.954501802708364, 95.26750437905655])
solutions_final.append([66.8663602444038, 27.842905677501093, 53.24341268330088, 96.3479659192911, 48.04153317690529, 77.27623268987949])
solutions_final.append([54.61217025445139, 39.23521464113892, 16.64192581874613, 5.69750580221123, 75.06347860101789, 84.87855427577564])
solutions_final.append([46.97737266966638, 88.56196020792879, 30.640231818877773, 64.14436433142536, 78.23128747073702, 43.710267466521444])
solutions_final.append([15.79558919873303, 74.53729172026628, 27.1951567006405, 35.638509155842975, 15.07100427858784, 31.78034983274113])
solutions_final.append([93.82799232328532, 42.54489232819805, 10.6343201543461, 37.482284721018736, 54.873843169267474, 7.073863324865435])
solutions_final.append([11.640238791897298, 18.070332658893815, 36.01216762611218, 53.981904002521325, 79.88212473864019, 6.35335840732121])
solutions_final.append([43.423775946336974, 5.497345996693597, 17.410172978190932, 57.06446515106078, 13.323053389961503, 27.74972530737132])
solutions_final.append([44.41053120733967, 97.74840892156799, 69.94107086718984, 72.00489129468275, 31.80264425675346, 2.6397952254564316])
solutions_final.append([91.36183155542977, 61.456351543869125, 82.66264458677708, 48.485673423568464, 73.42452417693359, 51.294002040512304])
solutions_final.append([63.89628933344693, 3.8002756341663138, 48.828538559919174, 20.307465752001555, 67.8815921774062, 9.918625494457594])
solutions_final.append([43.69180722315527, 63.61635235011135, 16.733449817012755, 31.748244569483067, 98.72571788745357, 51.82517714497265])
solutions_final.append([20.38525935165291, 66.98082799442383, 51.43697182457096, 29.028034498817362, 92.74670263143912, 0.9659954483352122])
solutions_final.append([5.9455427221458566, 87.40030734592207, 19.87976955651019, 73.00500102646919, 99.84010778859557, 44.701160218447505])
solutions_final.append([93.52839086068467, 68.36354169544914, 8.776477528445813, 28.0537181326525, 16.30227372297369, 46.42906620449416])
solutions_final.append([0.9928986239257137, 40.26500585002454, 66.69226999305806, 63.943334359911944, 10.06717956176187, 77.88721894463406])
solutions_final.append([28.623187251805653, 63.698879822413645, 1.7679325070198317, 74.06124470589509, 31.067792052594207, 43.75569651762183])
solutions_final.append([89.83622628708773, 72.84922028931253, 46.28524711470108, 69.11201720071251, 35.306832195415154, 3.709240966498841])
solutions_final.append([40.78855252746557, 67.55393657134326, 53.98148750428942, 43.04468859425523, 2.5895316886207485, 70.5870043429166])
solutions_final.append([12.89866403522734, 43.13335651862679, 30.01203114738219, 83.83381946889618, 65.5955117236581, 75.50952980057009])
solutions_final.append([43.68140517531817, 24.364248895075146, 65.44211024466938, 25.194988698713814, 74.57569282333854, 94.18234348359611])
solutions_final.append([96.42744057054843, 41.39814927916024, 30.608431408647245, 14.43178772078333, 30.95098850449469, 92.49030163516737])
solutions_final.append([81.75016264747362, 44.870576989378, 56.976173574022106, 18.48091985983174, 57.481918764336996, 88.26155810176662])
solutions_final.append([11.674221772453308, 65.50904146983655, 24.157060231200568, 33.74331298141268, 94.18478475333296, 51.7017782448033])
solutions_final.append([55.17065206835958, 94.27595136080294, 78.75616131559411, 7.689137665106767, 59.19106991622992, 21.633533027888426])
solutions_final.append([62.3630993117376, 73.6870669419646, 99.38533768709718, 7.480949389238099, 41.56090314498113, 70.40617816345001])
solutions_final.append([31.227916393364, 72.18592954525853, 93.99361507366682, 3.41195553134175, 31.50763966725343, 48.85218850470226])
solutions_final.append([73.26057363828855, 43.98551721030093, 20.796209338347403, 70.67821532206031, 1.475354435234549, 54.69689072071974])
solutions_final.append([26.831577835118132, 4.859292029814974, 72.6819018340412, 22.149113946594962, 77.823112121524, 53.17535238454098])
solutions_final.append([9.205596999669947, 29.034727544084674, 83.77512128584854, 82.73840072143427, 88.56922244391872, 32.94134941891986])
solutions_final.append([68.87400498277474, 93.83699771679144, 63.157178424010496, 16.276899072822363, 37.796015459736424, 22.69065835830809])
solutions_final.append([60.709833937628474, 48.89143482341466, 23.952416415205086, 69.36881640903204, 95.28950789505332, 65.74557079176003])
solutions_final.append([3.945863503988809, 61.906965875905136, 97.14148322330547, 35.31964859850049, 91.25046340924361, 75.32281548347495])
solutions_final.append([73.7920167100638, 58.810394403010505, 99.85077410867423, 87.86311663330036, 2.794782217201723, 56.59524143811871])
solutions_final.append([54.92819732773085, 70.2574155846752, 45.56190756180152, 89.05873996884416, 13.249015574521255, 49.27876794777283])
solutions_final.append([56.14804144588637, 19.337768254075137, 72.36522358773688, 26.193612394395746, 68.55393047942815, 45.90731917491742])
solutions_final.append([68.41143701603956, 4.43798292989865, 45.25598652209169, 38.72244895135971, 16.69378587569853, 59.00403735412772])
solutions_final.append([5.319564115369118, 94.80921150762849, 62.720815734264, 72.71349170097017, 7.915583630583932, 95.03118829879108])
solutions_final.append([61.33272547663221, 67.19614215242377, 19.267859481135982, 8.043783271494203, 24.314640690578155, 64.73954711052835])
solutions_final.append([76.2308882619338, 53.361891501950716, 18.563707608716946, 0.24520308478016653, 76.25839924821071, 34.15664803989234])
solutions_final.append([72.88885229265367, 62.781412168323456, 9.168196866085706, 32.9957087712484, 55.305705643756, 0.8687545725550955])
solutions_final.append([76.18021888839809, 48.434959344389156, 10.724867800221535, 90.11373763942572, 49.885640186524824, 15.456518745776895])
solutions_final.append([95.4168768969946, 7.316142163351418, 49.0995429610202, 3.4645073922211522, 41.491525450447895, 97.43749568776474])
solutions_final.append([64.1393435492576, 26.653289481106896, 92.66370972151765, 35.393301599419146, 81.0853119431267, 1.4150610604266975])
solutions_final.append([87.7255018110909, 24.315710252205044, 73.93095007527158, 11.73135392946088, 76.90326507622228, 17.798406678777148])
solutions_final.append([91.24558451043546, 11.462580264116836, 72.5382692146506, 68.12178293002236, 33.176552102437796, 52.97994991817517])
