solutions_final.append([61.0390958631735, 22.81729841360706, 43.38917322301985, 34.364205159617974, 22.582114186893897, 91.90035543012567])
solutions_final.append([95.12317799164076, 25.49809995273016, 48.44174058854456, 90.31654251611107, 81.67377237337959, 42.07386148231545])
solutions_final.append([13.418893572471635, 70.21689915472436, 34.66247957361116, 87.54916583590399, 0.05401297700621422, 72.60251713525442])
solutions_final.append([29.083804445430676, 50.991225922137794, 36.99127006577629, 39.75050157017379, 51.338146483445996, 68.3464396615806])
solutions_final.append([30.949167339523772, 67.17777255000232, 54.30251967369947, 34.09110047680458, 25.397025934434936, 60.11111557933708])
solutions_final.append([40.60736996520973, 89.66753583453996, 63.09819107603172, 22.21511083126705, 84.10262668207312, 63.85841486482447])
solutions_final.append([92.41105469937136, 15.366101987193126, 76.17639894231695, 55.524763678150556, 43.953947251670314, 4.833430591386902])
solutions_final.append([37.751876445391076, 56.67044223651329, 24.98101515637316, 42.9022953848077, 83.44394973282714, 75.17789205916782])
solutions_final.append([8.377801761568271, 90.40427331336569, 25.18093414752659, 30.265934390884027, 83.58392845685532, 77.84789173173561])
solutions_final.append([35.48022435288274, 86.41330987523227, 30.776589165436043, 45.365197642827056, 6.554982563379459, 79.76317827856904])
solutions_final.append([18.126807859187583, 70.05004071236132, 40.16209038811664, 73.215293304152, 47.19926348482525, 92.84207368709531])
solutions_final.append([38.647539700768235, 9.1445760342738, 75.2284523041141, 67.02953099234934, 29.819722866699557, 41.85964019976534])
solutions_final.append([95.11341540654388, 78.53182899597972, 11.550219306978677, 55.05312358182403, 48.85460964869303, 84.21550080042769])
solutions_final.append([20.483321091192202, 2.6449830512153354, 55.57756076384942, 14.953402652580493, 93.84612600187083, 34.793823772412324])
solutions_final.append([9.5434060388117, 92.15233521512766, 72.11274865192598, 9.791381811842669, 59.423219604336914, 38.06068971502978])
solutions_final.append([19.837048865815778, 2.8934096647667933, 67.48528011437169, 60.793225444599884, 85.22404456008601, 10.024471444779453])
solutions_final.append([18.72232098865858, 92.65463942845177, 37.89307405303463, 71.59367280597168, 37.963431155724365, 56.83055637209725])
solutions_final.append([88.4716446126388, 34.963955318983864, 21.656011509196354, 81.01320735025786, 50.22382110505174, 84.46892088992263])
solutions_final.append([71.09640964076277, 9.497856852721906, 45.22557144198267, 90.4018751597255, 40.33391941394053, 29.77596428530135])
solutions_final.append([66.34660089517735, 48.88704659674299, 7.782325305056272, 22.901322587000454, 5.780757800446514, 56.77406597586579])
solutions_final.append([33.84218838102553, 79.51408138369892, 12.7949020428826, 73.13474085972432, 6.064365757809049, 41.067093776259135])
solutions_final.append([85.09109033200149, 16.434702742165467, 51.48018240829782, 30.266476267350093, 68.49019389484205, 99.09167301757682])
solutions_final.append([9.790933267971663, 77.19521485057025, 61.462870741038415, 74.05095805582708, 15.54698262875063, 66.32083641944511])
solutions_final.append([92.51401855653718, 9.791872831970482, 18.191079272338904, 66.90258295585748, 84.16627620411971, 14.999629971664874])
solutions_final.append([22.671963184736036, 61.484672033820296, 83.41304748416101, 3.661350662505279, 88.55707301388486, 75.45034608801309])
solutions_final.append([66.87281150388937, 92.2123995501276, 2.438031739924198, 95.77701720965064, 35.2064008502517, 7.190958233450604])
solutions_final.append([42.12761612180523, 23.91260343150118, 64.74879429524792, 16.53739299551432, 71.06857791380656, 84.55076784826791])
solutions_final.append([2.3350208698092207, 85.20127504105115, 38.043071211588, 47.142173451548416, 98.59007725398584, 53.180746176390784])
solutions_final.append([59.94036186219907, 39.37815728928491, 90.15046171543854, 39.29413614570426, 69.12247926840504, 11.134791875290482])
solutions_final.append([69.02077862897748, 25.3614056826274, 2.8974962183968076, 88.6461901701548, 52.59503891575597, 16.387060181705937])
